254100142729
254100836158
254101048101
254101179287
254102725857
254103056066
254103166541
254103378997
254103857024
254103985264
254104205542
254104352621
254104387365
254104496006
254105284209
254106206735
254106260315
254106541633
254106727593
254108399462
254110008558
254110272407
254110303256
254110428023
254110463307
254110524942
254110532503
254110697808
254110732992
254110907736
254111258374
254111291967
254111339210
254111384710
254111406627
254111433555
254111450282
254111450538
254111734852
254111763303
254111879982
254111945756
254111964370
254112168395
254112231145
254112244051
254112265818
254112418753
254112532017
254112633275
254112655830
254112747224
254112826155
254112861652
254112931472
254112994162
254113000714
254113035443
254113040625
254113056698
254113061313
254113130596
254113169902
254113222433
254113249460
254113257553
254113421566
254113471842
254113488168
254113490591
254113586323
254113590999
254113630110
254113640559
254113701932
254113845600
254113951559
254113962909
254114046183
254114131895
254114184456
254114277802
254114305410
254114306818
254114333255
254114359448
254114364117
254114370038
254114383379
254114401689
254114461140
254114569927
254114777257
254114819586
254114893454
254115045296
254115134129
254115182054
254115228824
254115282580
254115297493
254115353289
254115377187
254115380519
254115444886
254115483488
254115517680
254115534169
254115576054
254115682570
254115693890
254115901684
254115926733
254115974700
254116212930
254116334101
254116379536
254118338412
254118467938
254700005636
254700018584
254700051300
254700117939
254700123530
254700171086
254700171626
254700310658
254700451580
254700481846
254700631402
254700694608
254700702507
254700748132
254700815645
254700840851
254700847082
254700881613
254700888719
254700888970
254701002484
254701063786
254701152653
254701162932
254701179674
254701202449
254701227912
254701384358
254701386307
254701398011
254701416463
254701438240
254701568412
254701568521
254701636395
254701733635
254701789314
254701799391
254701932214
254701938214
254702009657
254702020532
254702160153
254702205955
254702221768
254702267239
254702643437
254702722916
254702728947
254702730218
254702861158
254702903241
254702971120
254703222027
254703230990
254703235253
254703288148
254703291386
254703300467
254703316385
254703362722
254703393682
254703428154
254703434004
254703470504
254703496130
254703525143
254703553642
254703573839
254703612164
254703617941
254703624915
254703700143
254703789108
254703930308
254703933381
254703946437
254703985718
254704010522
254704050367
254704085272
254704159829
254704263397
254704276656
254704327115
254704359627
254704373987
254704374299
254704604339
254704637184
254704729878
254704773270
254704815501
254704867268
254704894783
254704896707
254704943214
254704953080
254705062670
254705075228
254705092659
254705098439
254705180427
254705186541
254705224716
254705270460
254705392135
254705432769
254705449016
254705499411
254705507757
254705525706
254705563426
254705602797
254705604144
254705605539
254705626210
254705689107
254705709191
254705787025
254705839457
254706016067
254706022855
254706099764
254706122660
254706178762
254706190926
254706212451
254706216016
254706231924
254706296713
254706363514
254706405538
254706440227
254706561730
254706627130
254706631719
254706676866
254706738842
254706771518
254706797226
254706875052
254706939100
254706944338
254706993850
254707063456
254707146424
254707155887
254707168861
254707183085
254707281394
254707330333
254707399137
254707409789
254707430699
254707482891
254707485473
254707486482
254707595718
254707644531
254707661276
254707664761
254707699825
254707706469
254707731095
254707734831
254707748509
254707758625
254707765353
254707788171
254707807428
254707818762
254707830302
254707865636
254707878602
254707921409
254707956154
254708081625
254708088472
254708135544
254708182959
254708209847
254708237704
254708290608
254708378654
254708458655
254708600057
254708615474
254708702015
254708764840
254708845543
254708945882
254710102160
254710140670
254710295793
254710301795
254710326587
254710368419
254710372182
254710382727
254710421221
254710450036
254710462032
254710555450
254710594282
254710615520
254710621229
254710629858
254710690960
254710698217
254710710313
254710790354
254710929667
254710934107
254711216821
254711219254
254711324670
254711390126
254711400370
254711410807
254711445978
254711523211
254711538052
254711649135
254711680802
254711747969
254711753110
254711797760
254711839001
254711913043
254711913514
254711956045
254712119420
254712159571
254712240326
254712396475
254712482299
254712556713
254712567509
254712625862
254712834124
254712900546
254712957932
254713053178
254713057336
254713136889
254713188754
254713225253
254713286206
254713330859
254713340742
254713346629
254713406042
254713491863
254713585884
254713737565
254713902484
254713953222
254713995616
254714061883
254714082711
254714090581
254714106321
254714212092
254714222470
254714292223
254714299811
254714332678
254714485145
254714551431
254714563237
254714584686
254714635338
254714671712
254714702242
254714717370
254714726812
254714747337
254714755500
254714785340
254714935513
254715153464
254715209325
254715265402
254715303078
254715338996
254715344732
254715436883
254715502811
254715520723
254715536771
254715613393
254715696362
254715801238
254715805541
254715873273
254715874002
254715896449
254715918155
254716116237
254716202760
254716224692
254716237841
254716463113
254716473741
254716522881
254716564129
254716567117
254716633615
254716743570
254716810815
254716949968
254716979898
254717041195
254717076353
254717078302
254717207833
254717213846
254717238434
254717246790
254717269196
254717328045
254717333330
254717336931
254717394184
254717453061
254717629121
254717752020
254717844186
254717869336
254717943559
254717964258
254717967155
254718035350
254718040227
254718059441
254718070033
254718101773
254718143734
254718148512
254718175154
254718234534
254718295070
254718324414
254718409437
254718452605
254718465380
254718468821
254718573077
254718609075
254718833998
254718837939
254718899749
254718941198
254719115308
254719136355
254719141588
254719230977
254719243980
254719288970
254719296836
254719465511
254719512901
254719529482
254719592552
254719613234
254719685721
254719711755
254719729546
254719850295
254720068530
254720253486
254720561200
254720573680
254720626487
254720655417
254720722491
254720837037
254720929564
254721135118
254721153780
254721156907
254721177712
254721202499
254721271337
254721364670
254721382475
254721432923
254721555954
254721641436
254721705108
254721865980
254721870010
254721922746
254722126636
254722136906
254722139639
254722158548
254722229627
254722440716
254722455297
254722735377
254722798294
254722836946
254722958725
254722970088
254723232293
254723444820
254723451049
254723508292
254723526972
254723538639
254723541531
254723568409
254723597385
254723650801
254723725321
254724005349
254724052543
254724100217
254724159566
254724233171
254724255801
254724273382
254724324229
254724361870
254724516688
254724526596
254724843475
254724870890
254724953730
254725145666
254725227760
254725228985
254725272074
254725283056
254725289276
254725337670
254725348086
254725400591
254725402683
254725460504
254725543560
254725547407
254725578973
254725597792
254725639077
254725710159
254725845699
254725887680
254725937651
254726079979
254726099457
254726148880
254726160433
254726266092
254726308442
254726334366
254726466095
254726597613
254726633497
254726646608
254726700076
254726771856
254726882437
254726913956
254726992557
254727023520
254727112877
254727125013
254727154737
254727218485
254727440301
254727448009
254727449849
254727466103
254727503122
254727602609
254727716045
254727816920
254727906301
254728016275
254728024369
254728203971
254728232934
254728427415
254728434105
254728463545
254728495204
254728510815
254728844243
254728950763
254728954387
254729118201
254729415297
254729435509
254729526622
254729617397
254729678152
254729680074
254729692393
254729698328
254729717612
254729829143
254729968168
254731349543
254731383276
254731777213
254731834776
254731928353
254732099195
254732422505
254732650651
254732720254
254732894531
254733845033
254734707291
254734885137
254735093821
254735422215
254735470657
254735640544
254735653982
254736179765
254736636507
254736900586
254737232313
254737386343
254738243097
254739350974
254739524339
254740031408
254740072061
254740076223
254740084564
254740088485
254740109375
254740134600
254740224707
254740253141
254740254342
254740295754
254740305733
254740352436
254740395158
254740440272
254740442092
254740486151
254740493001
254740505132
254740560204
254740643258
254740646551
254740649246
254740658770
254740688630
254740709102
254740721866
254740730261
254740785704
254740840875
254740863004
254740933072
254740953173
254740969716
254741059728
254741108052
254741148476
254741298651
254741378015
254741380565
254741419364
254741463036
254741497856
254741588877
254741620090
254741622396
254741673284
254741699374
254741763408
254741796751
254741825594
254741957687
254742122166
254742138088
254742188361
254742205538
254742234629
254742244473
254742339059
254742540051
254742548860
254742589952
254742596373
254742596469
254742658778
254742663724
254742708837
254742727752
254742793121
254742794418
254742805908
254742815541
254742897206
254742941896
254743081926
254743101910
254743109804
254743191178
254743231424
254743282415
254743401270
254743434098
254743459040
254743522880
254743546304
254743589295
254743615174
254743870397
254743908198
254743970706
254743979238
254745001145
254745057105
254745136378
254745146191
254745268702
254745274034
254745343984
254745414051
254745434905
254745465112
254745486030
254745488821
254745517492
254745562203
254745671679
254745675393
254745749723
254745762760
254745806896
254745824792
254745837845
254745841106
254745880476
254745909273
254745976110
254745994809
254746040824
254746080221
254746138445
254746194551
254746261556
254746293307
254746319244
254746394642
254746421552
254746435508
254746442015
254746473546
254746478797
254746572563
254746594237
254746658207
254746663912
254746685120
254746685152
254746693611
254746704532
254746711397
254746735527
254746746891
254746841789
254746846037
254746898212
254746932548
254746943946
254747400240
254748082797
254748096305
254748161129
254748169495
254748230560
254748244011
254748244834
254748245465
254748249979
254748273836
254748283546
254748299039
254748330843
254748373909
254748384099
254748444896
254748621764
254748636978
254748639998
254748648003
254748658441
254748689608
254748693846
254748797912
254748820319
254748873349
254748894818
254750385959
254750823799
254750873997
254750936128
254751079856
254751959579
254752027744
254752703991
254753004052
254753806523
254753900639
254754278216
254754738775
254755177065
254756751794
254756765373
254756787244
254757008361
254757064641
254757090173
254757109096
254757194841
254757216235
254757229276
254757241302
254757265410
254757373637
254757376174
254757418362
254757473024
254757499074
254757572254
254757701905
254757707870
254757713570
254757734475
254757753573
254757780357
254757791846
254757837800
254757912874
254757915711
254758080473
254758087412
254758150887
254758185035
254758222612
254758223701
254758231257
254758258678
254758306857
254758314150
254758366174
254758395696
254758494877
254758581583
254758610886
254758690725
254758768573
254758808490
254758980360
254759013315
254759099344
254759126091
254759204403
254759299270
254759317631
254759501307
254759554495
254759567757
254759585638
254759601448
254759609567
254759656612
254759658229
254759692321
254759758079
254759795603
254759820972
254759847480
254759850646
254762022357
254762626945
254762860679
254762873306
254764102648
254764726209
254768005818
254768011083
254768041410
254768044212
254768047434
254768106491
254768119716
254768166433
254768168440
254768168969
254768173708
254768188455
254768222534
254768246017
254768277261
254768278241
254768304761
254768351532
254768389366
254768390084
254768422170
254768488607
254768492872
254768497353
254768565083
254768615087
254768652225
254768724139
254768841984
254768904690
254769017010
254769031267
254769057345
254769092992
254769100651
254769146683
254769157246
254769235737
254769330621
254769332645
254769495263
254769532549
254769535294
254769664670
254769697953
254769736339
254769758762
254769872017
254769916508
254769980863
254770862707
254771836172
254772712967
254772899588
254773631436
254773643955
254776127597
254777777197
254778497536
254779244740
254780480095
254780807974
254780955097
254781313138
254782113560
254782165521
254782950132
254783090583
254783168435
254783358307
254783582149
254783950906
254784442133
254784515890
254784585163
254784637490
254784965852
254785081447
254785785527
254786019765
254786118718
254786154677
254786938330
254786993146
254787202314
254787642725
254787783363
254787938704
254788441881
254788818867
254788998832
254789019321
254789052057
254789154991
254789160475
254789652882
254789675247
254789865445
254789982771
254790041764
254790048628
254790129210
254790160242
254790168629
254790170773
254790200545
254790232950
254790235709
254790247608
254790255230
254790316400
254790316641
254790420506
254790475998
254790500390
254790540888
254790557320
254790564303
254790726375
254790780477
254790790644
254790809676
254790919012
254790938348
254790944215
254790944740
254790960378
254790962706
254790973213
254791083257
254791153120
254791165732
254791168913
254791182530
254791208200
254791225657
254791279072
254791283944
254791361623
254791380042
254791382621
254791391698
254791425784
254791553220
254791559714
254791591271
254791647835
254791885277
254791897448
254791932754
254791997206
254791999063
254792027039
254792086422
254792091838
254792111431
254792131391
254792139811
254792143103
254792199561
254792254027
254792281428
254792340223
254792347951
254792351419
254792390435
254792405537
254792472484
254792586723
254792660502
254792668954
254792732637
254792802011
254792836395
254792864749
254792922023
254792981293
254793261166
254793328844
254793456112
254793491993
254793505246
254793519745
254793548301
254793571146
254793579464
254793588208
254793594339
254793633680
254793782627
254793938193
254794040452
254794142380
254794158755
254794164679
254794191664
254794288852
254794306127
254794375734
254794376778
254794395655
254794398551
254794425021
254794550768
254794560513
254794696948
254794727763
254794849989
254794872768
254794917941
254794945646
254794956307
254795001860
254795088958
254795116648
254795121584
254795432988
254795439269
254795562805
254795616938
254795643361
254795698708
254795712547
254795737930
254795747874
254795756909
254795774534
254795818603
254795891731
254795912197
254795966600
254796009086
254796036444
254796120903
254796144535
254796146236
254796291300
254796356467
254796358477
254796397141
254796427267
254796572529
254796586033
254796655995
254796656672
254796676164
254796716132
254796840335
254796855256
254796887336
254796919675
254796933091
254796955353
254796971834
254797055137
254797070946
254797125892
254797154145
254797202783
254797246307
254797313827
254797347890
254797430279
254797597447
254797603050
254797735642
254797738660
254797765968
254797774203
254797780452
254797816689
254797904045
254797914468
254797946934
254797955494
254797980581
254798098554
254798176186
254798206663
254798210495
254798210614
254798227677
254798246481
254798363504
254798457627
254798545157
254798578922
254798588829
254798697732
254798788405
254798809512
254798818464
254798852924
254798890726
254798892649
254798908234
254798920665
254798926680
254798943727
254799015739
254799025736
254799027323
254799038199
254799043896
254799046600
254799265735
254799399989
254799468714
254799587160
254799588390
254799626561
254799628262
254799638610
254799684901
254799773697
254799798841
254799831550
254799831982
254799862299
254799909771
254799965073
254799979852
256708333846
256749014896
256785365647
